# BLASTN 2.12.0+
# Query: CP000438.1:c2700664-2699666 Pseudomonas aeruginosa UCBPP-PA14, complete genome
# Database: /scratch/mdprieto/results_hilliam/blastdb/hilliam_assemblies
# Fields: query acc.ver, subject acc.ver, % identity, alignment length, mismatches, gap opens, q. start, q. end, s. start, s. end, evalue, bit score
# 53 hits found
CP000438.1:c2700664-2699666	9-C91_contig00007	100.000	999	0	0	1	999	176549	175551	0.0	1845
CP000438.1:c2700664-2699666	82-C107_contig00001	100.000	999	0	0	1	999	647583	646585	0.0	1845
CP000438.1:c2700664-2699666	66-C2_contig00002	100.000	999	0	0	1	999	563603	562605	0.0	1845
CP000438.1:c2700664-2699666	60-C150_contig00001	100.000	999	0	0	1	999	702951	701953	0.0	1845
CP000438.1:c2700664-2699666	54-C36_contig00011	100.000	999	0	0	1	999	74000	73002	0.0	1845
CP000438.1:c2700664-2699666	51-C25_contig00014	100.000	999	0	0	1	999	146230	147228	0.0	1845
CP000438.1:c2700664-2699666	45-C144_contig00009	100.000	999	0	0	1	999	23284	22286	0.0	1845
CP000438.1:c2700664-2699666	44-C143_contig00007	100.000	999	0	0	1	999	23284	22286	0.0	1845
CP000438.1:c2700664-2699666	41-C126_contig00006	100.000	999	0	0	1	999	23139	22141	0.0	1845
CP000438.1:c2700664-2699666	40-C125_contig00001	100.000	999	0	0	1	999	673480	672482	0.0	1845
CP000438.1:c2700664-2699666	39-B16_contig00001	100.000	999	0	0	1	999	146230	147228	0.0	1845
CP000438.1:c2700664-2699666	32-C99_contig00006	100.000	999	0	0	1	999	176549	175551	0.0	1845
CP000438.1:c2700664-2699666	31-C98_contig00011	100.000	999	0	0	1	999	176549	175551	0.0	1845
CP000438.1:c2700664-2699666	30-C97_contig00006	100.000	999	0	0	1	999	147493	148491	0.0	1845
CP000438.1:c2700664-2699666	3-C76_contig00016	100.000	999	0	0	1	999	17288	16290	0.0	1845
CP000438.1:c2700664-2699666	29-C95_contig00006	100.000	999	0	0	1	999	176549	175551	0.0	1845
CP000438.1:c2700664-2699666	25-C134_contig00007	100.000	999	0	0	1	999	176551	175553	0.0	1845
CP000438.1:c2700664-2699666	24-C133_contig00008	100.000	999	0	0	1	999	176550	175552	0.0	1845
CP000438.1:c2700664-2699666	23-C131_contig00001	100.000	999	0	0	1	999	147309	148307	0.0	1845
CP000438.1:c2700664-2699666	15-C96_contig00010	100.000	999	0	0	1	999	176549	175551	0.0	1845
CP000438.1:c2700664-2699666	11-C145_contig00008	100.000	999	0	0	1	999	176549	175551	0.0	1845
CP000438.1:c2700664-2699666	96-C168_contig00001	97.297	999	27	0	1	999	147880	148878	0.0	1696
CP000438.1:c2700664-2699666	21-C124_contig00073	97.297	999	27	0	1	999	23278	22280	0.0	1696
CP000438.1:c2700664-2699666	9-C17_contig00004	86.513	1001	131	4	1	999	236891	235893	0.0	1098
CP000438.1:c2700664-2699666	87-C114_contig00009	86.513	1001	131	4	1	999	277979	276981	0.0	1098
CP000438.1:c2700664-2699666	86-C112_contig00005	86.513	1001	131	4	1	999	120478	121476	0.0	1098
CP000438.1:c2700664-2699666	85-C111_contig00002	86.513	1001	131	4	1	999	120478	121476	0.0	1098
CP000438.1:c2700664-2699666	84-C110_contig00003	86.513	1001	131	4	1	999	439933	438935	0.0	1098
CP000438.1:c2700664-2699666	8-C15_contig00003	86.513	1001	131	4	1	999	236889	235891	0.0	1098
CP000438.1:c2700664-2699666	72-C16_contig00005	86.513	1001	131	4	1	999	237447	238445	0.0	1098
CP000438.1:c2700664-2699666	71-C11_contig00004	86.513	1001	131	4	1	999	113249	114247	0.0	1098
CP000438.1:c2700664-2699666	7-C14_contig00013	86.513	1001	131	4	1	999	18801	17803	0.0	1098
CP000438.1:c2700664-2699666	6-C13_contig00017	86.513	1001	131	4	1	999	18805	17807	0.0	1098
CP000438.1:c2700664-2699666	50-A5_contig00040	86.513	1001	131	4	1	999	34971	35969	0.0	1098
CP000438.1:c2700664-2699666	5-C12_contig00095	86.513	1001	131	4	1	999	2530	3528	0.0	1098
CP000438.1:c2700664-2699666	49-A4_contig00048	86.513	1001	131	4	1	999	34971	35969	0.0	1098
CP000438.1:c2700664-2699666	48-A3_contig00046	86.513	1001	131	4	1	999	34971	35969	0.0	1098
CP000438.1:c2700664-2699666	47-C63_contig00010	86.513	1001	131	4	1	999	268134	267136	0.0	1098
CP000438.1:c2700664-2699666	47-C148_contig00005	86.513	1001	131	4	1	999	403014	404012	0.0	1098
CP000438.1:c2700664-2699666	46-C146_contig00001	86.513	1001	131	4	1	999	53042	52044	0.0	1098
CP000438.1:c2700664-2699666	40-B34_contig00015	86.513	1001	131	4	1	999	11650	10652	0.0	1098
CP000438.1:c2700664-2699666	37-C115_contig00043	86.513	1001	131	4	1	999	34259	35257	0.0	1098
CP000438.1:c2700664-2699666	28-A12_contig00001	86.513	1001	131	4	1	999	432612	431614	0.0	1098
CP000438.1:c2700664-2699666	19-C120_contig00007	86.513	1001	131	4	1	999	237560	236562	0.0	1098
CP000438.1:c2700664-2699666	14-C94_contig00003	86.513	1001	131	4	1	999	277841	276843	0.0	1098
CP000438.1:c2700664-2699666	12-C147_contig00001	86.513	1001	131	4	1	999	1184489	1185487	0.0	1098
CP000438.1:c2700664-2699666	76-C137_contig00007	86.414	1001	132	4	1	999	276536	275538	0.0	1092
CP000438.1:c2700664-2699666	20-C123_contig00009	86.300	1000	135	2	1	999	93586	94584	0.0	1086
CP000438.1:c2700664-2699666	92-C160_contig00017	86.100	1000	137	2	1	999	129430	130428	0.0	1075
CP000438.1:c2700664-2699666	74-C20_contig00002	86.100	1000	137	2	1	999	73887	74885	0.0	1075
CP000438.1:c2700664-2699666	61-C151_contig00020	86.100	1000	137	2	1	999	124790	125788	0.0	1075
CP000438.1:c2700664-2699666	28-C87_contig00042	86.100	1000	137	2	1	999	32181	33179	0.0	1075
CP000438.1:c2700664-2699666	27-C85_contig00004	86.158	997	136	2	4	999	18811	17816	0.0	1075
# BLASTN 2.12.0+
# Query: CP000438.1:c2701278-2700661 Pseudomonas aeruginosa UCBPP-PA14, complete genome
# Database: /scratch/mdprieto/results_hilliam/blastdb/hilliam_assemblies
# Fields: query acc.ver, subject acc.ver, % identity, alignment length, mismatches, gap opens, q. start, q. end, s. start, s. end, evalue, bit score
# 55 hits found
CP000438.1:c2701278-2700661	9-C91_contig00007	100.000	618	0	0	1	618	177163	176546	0.0	1142
CP000438.1:c2701278-2700661	82-C107_contig00001	100.000	618	0	0	1	618	648197	647580	0.0	1142
CP000438.1:c2701278-2700661	66-C2_contig00002	100.000	618	0	0	1	618	564217	563600	0.0	1142
CP000438.1:c2701278-2700661	60-C150_contig00001	100.000	618	0	0	1	618	703565	702948	0.0	1142
CP000438.1:c2701278-2700661	54-C36_contig00011	100.000	618	0	0	1	618	74614	73997	0.0	1142
CP000438.1:c2701278-2700661	51-C25_contig00014	100.000	618	0	0	1	618	145616	146233	0.0	1142
CP000438.1:c2701278-2700661	45-C144_contig00009	100.000	618	0	0	1	618	23898	23281	0.0	1142
CP000438.1:c2701278-2700661	44-C143_contig00007	100.000	618	0	0	1	618	23898	23281	0.0	1142
CP000438.1:c2701278-2700661	41-C126_contig00006	100.000	618	0	0	1	618	23753	23136	0.0	1142
CP000438.1:c2701278-2700661	40-C125_contig00001	100.000	618	0	0	1	618	674094	673477	0.0	1142
CP000438.1:c2701278-2700661	39-B16_contig00001	100.000	618	0	0	1	618	145616	146233	0.0	1142
CP000438.1:c2701278-2700661	32-C99_contig00006	100.000	618	0	0	1	618	177163	176546	0.0	1142
CP000438.1:c2701278-2700661	31-C98_contig00011	100.000	618	0	0	1	618	177163	176546	0.0	1142
CP000438.1:c2701278-2700661	30-C97_contig00006	100.000	618	0	0	1	618	146879	147496	0.0	1142
CP000438.1:c2701278-2700661	3-C76_contig00016	100.000	618	0	0	1	618	17902	17285	0.0	1142
CP000438.1:c2701278-2700661	29-C95_contig00006	100.000	618	0	0	1	618	177163	176546	0.0	1142
CP000438.1:c2701278-2700661	25-C134_contig00007	100.000	618	0	0	1	618	177165	176548	0.0	1142
CP000438.1:c2701278-2700661	24-C133_contig00008	100.000	618	0	0	1	618	177164	176547	0.0	1142
CP000438.1:c2701278-2700661	23-C131_contig00001	100.000	618	0	0	1	618	146695	147312	0.0	1142
CP000438.1:c2701278-2700661	15-C96_contig00010	100.000	618	0	0	1	618	177163	176546	0.0	1142
CP000438.1:c2701278-2700661	11-C145_contig00008	100.000	618	0	0	1	618	177163	176546	0.0	1142
CP000438.1:c2701278-2700661	96-C168_contig00001	97.249	618	17	0	1	618	147266	147883	0.0	1048
CP000438.1:c2701278-2700661	21-C124_contig00073	97.249	618	17	0	1	618	23892	23275	0.0	1048
CP000438.1:c2701278-2700661	9-C17_contig00004	88.762	614	63	5	7	618	237497	236888	0.0	747
CP000438.1:c2701278-2700661	87-C114_contig00009	88.762	614	63	5	7	618	278585	277976	0.0	747
CP000438.1:c2701278-2700661	86-C112_contig00005	88.548	620	65	5	1	618	119866	120481	0.0	747
CP000438.1:c2701278-2700661	85-C111_contig00002	88.548	620	65	5	1	618	119866	120481	0.0	747
CP000438.1:c2701278-2700661	84-C110_contig00003	88.762	614	63	5	7	618	440539	439930	0.0	747
CP000438.1:c2701278-2700661	8-C15_contig00003	88.762	614	63	5	7	618	237495	236886	0.0	747
CP000438.1:c2701278-2700661	76-C137_contig00007	88.762	614	63	5	7	618	277142	276533	0.0	747
CP000438.1:c2701278-2700661	72-C16_contig00005	88.548	620	65	5	1	618	236835	237450	0.0	747
CP000438.1:c2701278-2700661	71-C11_contig00004	88.548	620	65	5	1	618	112637	113252	0.0	747
CP000438.1:c2701278-2700661	7-C14_contig00013	88.762	614	63	5	7	618	19407	18798	0.0	747
CP000438.1:c2701278-2700661	6-C13_contig00017	88.762	614	63	5	7	618	19411	18802	0.0	747
CP000438.1:c2701278-2700661	50-A5_contig00040	88.548	620	65	5	1	618	34359	34974	0.0	747
CP000438.1:c2701278-2700661	5-C12_contig00095	88.548	620	65	5	1	618	1918	2533	0.0	747
CP000438.1:c2701278-2700661	49-A4_contig00048	88.548	620	65	5	1	618	34359	34974	0.0	747
CP000438.1:c2701278-2700661	48-A3_contig00046	88.548	620	65	5	1	618	34359	34974	0.0	747
CP000438.1:c2701278-2700661	47-C63_contig00010	88.762	614	63	5	7	618	268740	268131	0.0	747
CP000438.1:c2701278-2700661	47-C148_contig00005	88.548	620	65	5	1	618	402402	403017	0.0	747
CP000438.1:c2701278-2700661	46-C146_contig00001	88.762	614	63	5	7	618	53648	53039	0.0	747
CP000438.1:c2701278-2700661	40-B34_contig00015	88.762	614	63	5	7	618	12256	11647	0.0	747
CP000438.1:c2701278-2700661	37-C115_contig00043	88.548	620	65	5	1	618	33647	34262	0.0	747
CP000438.1:c2701278-2700661	28-A12_contig00001	88.762	614	63	5	7	618	433218	432609	0.0	747
CP000438.1:c2701278-2700661	19-C120_contig00007	88.762	614	63	5	7	618	238166	237557	0.0	747
CP000438.1:c2701278-2700661	14-C94_contig00003	88.762	614	63	5	7	618	278447	277838	0.0	747
CP000438.1:c2701278-2700661	12-C147_contig00001	88.548	620	65	5	1	618	1183877	1184492	0.0	747
CP000438.1:c2701278-2700661	92-C160_contig00017	88.207	619	67	4	1	616	128816	129431	0.0	734
CP000438.1:c2701278-2700661	90-C158_contig00031	88.207	619	67	4	1	616	1522	907	0.0	734
CP000438.1:c2701278-2700661	74-C20_contig00002	88.207	619	67	4	1	616	73273	73888	0.0	734
CP000438.1:c2701278-2700661	62-C153_contig00033	88.207	619	67	4	1	616	1522	907	0.0	734
CP000438.1:c2701278-2700661	61-C151_contig00020	88.207	619	67	4	1	616	124176	124791	0.0	734
CP000438.1:c2701278-2700661	28-C87_contig00042	88.207	619	67	4	1	616	31567	32182	0.0	734
CP000438.1:c2701278-2700661	27-C85_contig00004	88.207	619	67	4	1	616	19428	18813	0.0	734
CP000438.1:c2701278-2700661	20-C123_contig00009	87.884	619	72	3	1	618	92973	93589	0.0	725
# BLAST processed 2 queries
